35203
36119
99599
85225
85026
85726
72202
92803
91910
90052
94188
80004
80202
06602
06904
20090
33909
33630
30608
31402
96820
83708
60607
62703
47708
46624
52401
50318
66106
67276
40511
40231
70826
71102
21202
02205
01613
48104
48090
55401
55109
39205
64052
63155
68501
68108
89015
89510
03103
07208
07510
87101
14240
10199
13220
27511
28302
44309
43216
73019
74107
97401
97309
18101
15290
02904
29401
29201
57104
37421
38101
37230
79604
78710
75006
79910
77201
79402
76702
84199
22314
23707
23450
98009
99201
98668
53203
54303
